iteration,running avg loss
1,2509.07958984375
2,2508.6283520507814
3,2507.8129498779294
4,2506.681592840088
5,2505.147870173406
6,2503.2579881513593
7,2501.131406805002
8,2498.584870568983
9,2495.820247449231
10,2492.741449271614
11,2489.288500110929
12,2485.5438377660694
13,2481.463084447002
14,2477.2106069228444
15,2472.619752074319
16,2467.7864048953725
17,2462.596610914778
18,2457.121577422818
19,2451.388829666168
20,2445.514675256225
21,2439.3215768435066
22,2432.9192924715558
23,2426.2925348495746
24,2419.362606327251
25,2412.1521516506973
26,2404.820947517003
27,2397.1576477098015
28,2389.4225665940317
29,2381.4638206644195
30,2373.3168484734
31,2365.002517879291
32,2356.513707300108
33,2347.7250082153882
34,2338.7853985140937
35,2329.6801568336405
36,2320.363072062179
37,2310.8983890954637
38,2301.3668112103683
39,2291.6451450513896
40,2281.719850827438
41,2271.5975925047105
42,2261.459790407788
43,2251.054311156054
44,2240.5913461694936
45,2230.0535381765485
46,2219.3008116326732
47,2208.497008838612
48,2197.5425380178044
49,2186.4402962313766
50,2175.2655160717973
51,2163.952965891548
52,2152.616857863492
53,2141.219111526068
54,2129.6410189215494
55,2117.9998327313574
56,2106.286063652091
57,2094.566564221625
58,2082.7050593460103
59,2070.7971011597765
60,2058.814757589585
61,2046.7862413613454
62,2034.7031659350368
63,2022.5396779768582
64,2010.330002022285
65,1998.0863351807732
66,1985.8125696072857
67,1973.5272991358222
68,1961.178174215753
69,1948.7869820732049
70,1936.3835568325508
71,1923.9392653316079
72,1911.4619802222371
73,1898.9354603956006
74,1886.4691306939883
75,1873.978941950525
76,1861.4583163493792
77,1848.9357912913542
78,1836.374256254417
79,1823.86328590867
80,1811.3116739236066
81,1798.7516461736282
82,1786.2185419433372
83,1773.6834005912865
84,1761.1216587484596
85,1748.6447420877328
86,1736.182445667832
87,1723.7002147170133
88,1711.2816930996282
89,1698.8465006803506
90,1686.4368882126096
91,1674.0920557684717
92,1661.7630446956503
93,1649.4618391144163
94,1637.1725460406549
95,1624.960476341967
96,1612.7241400111645
97,1600.4923960475762
98,1588.30017106171
99,1576.1840715117376
100,1564.1061870954484
101,1552.0743094896307
102,1540.1353156623125
103,1528.172383526197
104,1516.277873741228
105,1504.416100558015
106,1492.6501985246027
107,1480.9037371277357
108,1469.1892432134896
109,1457.5290121583078
110,1445.9140836700255
111,1434.3534593738527
112,1422.8313707029658
113,1411.4024554944713
114,1400.0215809639406
115,1388.6522617607463
116,1377.3761077954828
117,1366.1588666455066
118,1354.9877894536608
119,1343.8528062734797
120,1332.802305249319
121,1321.818013886279
122,1310.895386420756
123,1300.011794800201
124,1289.2223036832536
125,1278.4733150519387
126,1267.7644394453648
127,1257.13496063929
128,1246.5740543007194
129,1236.0809474247042
130,1225.6504441943534
131,1215.263648156951
132,1204.9250471673247
133,1194.6563696631806
134,1184.4572121249962
135,1174.341711506432
136,1164.239156055186
137,1154.2469588916067
138,1144.3203723288138
139,1134.4473042561604
140,1124.6576714540774
141,1114.9091518379253
142,1105.2373653122218
143,1095.650579885418
144,1086.0945724386147
145,1076.5978372244826
146,1067.2061104086342
147,1057.854469226423
148,1048.5808178752231
149,1039.374471061217
150,1030.2174995744817
151,1021.1235840849624
152,1012.0930937122524
153,1003.1363539067216
154,994.25420690513
155,985.4423243972359
156,976.7008084866375
157,968.0109153462291
158,959.359127649676
159,950.8191791038921
160,942.3098857045768
161,933.8679906134001
162,925.4806165544342
163,917.1633815711408
164,908.9254904312106
165,900.7315882338077
166,892.6156537296434
167,884.5290657500863
168,876.5221527018383
169,868.5944899974518
170,860.7182905045818
171,852.8981554053221
172,845.1616006853753
173,837.4847378676085
174,829.8606332104899
175,822.2843918381018
176,814.7646443094912
177,807.3172275874657
178,799.941621000678
179,792.6066621118382
180,785.326481110837
181,778.1054251238863
182,770.9521039125034
183,763.8575449934344
184,756.8174580841495
185,749.8302947032591
186,742.914414394166
187,736.0531326464645
188,729.252477037163
189,722.4987746315985
190,715.7915607805462
191,709.1347834402578
192,702.5442488993123
193,696.0070468430584
194,689.5217136182803
195,683.0994831611746
196,676.7312362085912
197,670.4168269455654
198,664.1429983749013
199,657.9360128186424
200,651.7698901858784
