iteration,running avg loss
1,4.535023212432861
2,4.528660559654236
3,4.522139360666275
4,4.514167563178539
5,4.504582556781983
6,4.491719715566275
7,4.478974607033659
8,4.463744475621678
9,4.445656522747786
10,4.426053301483932
11,4.405474256506201
12,4.38458050560984
13,4.362444602840271
14,4.33942881321827
15,4.316639681507748
16,4.293382077665235
17,4.270859114089205
18,4.248336303473521
19,4.226430366395512
20,4.204834929365926
21,4.183925605760439
22,4.163248988367079
23,4.1426419725549115
24,4.122378162883379
25,4.10193215034329
26,4.0815933875213455
27,4.06165837214894
28,4.0416355150624295
29,4.021494542907411
30,4.000882190661854
31,3.980812887922182
32,3.9611745798284823
33,3.9407602038441167
34,3.9205458779725917
35,3.901240731616572
36,3.8826358627144075
37,3.8642197628572523
38,3.8454108665344506
39,3.826735948886257
40,3.808005139442408
41,3.7897998193502453
42,3.771150671502354
43,3.7531807405052566
44,3.7339208597416684
45,3.7160004283716535
46,3.6986726095947575
47,3.680783118701599
48,3.663429108696834
49,3.64599013106354
50,3.62887312311495
51,3.611877776435802
52,3.5950622716340144
53,3.5778750957255356
54,3.561419034539932
55,3.5450107613145128
56,3.5291894824653296
57,3.512817338092718
58,3.496937080456572
59,3.48112430631262
60,3.4652205005740178
61,3.449346035569956
62,3.4341917647436753
63,3.418915067452226
64,3.4037356666670777
65,3.388380245072352
66,3.3734444051441352
67,3.3584497353198364
68,3.34370505620585
69,3.3285395472392505
70,3.314054866974912
71,3.299461407405047
72,3.2853091209257532
73,3.271260360542301
74,3.256425432231754
75,3.242062557685437
76,3.227629936793031
77,3.2141639597097993
78,3.1998296130509334
79,3.1861357221328266
80,3.172244534694137
81,3.1583003643601657
82,3.1445192200953787
83,3.1307273954138033
84,3.117045790700617
85,3.103201802214998
86,3.0892929409788126
87,3.075781428128244
88,3.062927174246971
89,3.0498735562959287
90,3.0366479225396104
91,3.0234424621626332
92,3.010176608488654
93,2.997422947119115
94,2.984669722610845
95,2.9712646471651323
96,2.958014211110275
97,2.9448832128857387
98,2.931803611504104
99,2.9184418246261234
100,2.9048964385053355
