iteration,running avg loss
1,4.3273820877075195
2,4.328160409927369
3,4.321201912117004
4,4.312796783483505
5,4.300438690698261
6,4.288433032066577
7,4.273233390314027
8,4.254871283270933
9,4.237543079013663
10,4.217058388618119
11,4.194898917421909
12,4.172625013792276
13,4.148998171804073
14,4.125459590366031
15,4.101932395718932
16,4.078243026862756
17,4.054378172191891
18,4.030261735745851
19,4.006735622904994
20,3.9835636157016707
21,3.9598984788694525
22,3.9361902485420464
23,3.9118671498724673
24,3.8873291728107695
25,3.862359961473592
26,3.836468843815338
27,3.8099033954894894
28,3.782887438726901
29,3.7558082548723166
30,3.727996580786118
31,3.700321601288262
32,3.67190558114864
33,3.64330906604951
34,3.6146062692589873
35,3.58519934314305
36,3.555384842463695
37,3.5251484066538805
38,3.494478782295174
39,3.4634695824744273
40,3.432338000932768
41,3.4007441810602357
42,3.3689615370051134
43,3.337440659583003
44,3.305557656715896
45,3.273463936692755
46,3.2412414808579464
47,3.2088819857119244
48,3.176265114150637
49,3.143259473632943
50,3.110430465749164
51,3.0775232648304574
52,3.044699252307113
53,3.0111992130210985
54,2.977631098015674
55,2.9434230931835694
56,2.90897032163093
57,2.8744409650180143
58,2.8396078348077602
59,2.8040770792879752
60,2.7675859332957775
61,2.7309712446600316
62,2.6934168575308144
63,2.6553118367712107
64,2.6159348184191384
65,2.5758082589884563
66,2.5351290929482544
67,2.493370524434696
68,2.450399120921459
69,2.4072125437575784
70,2.3618851492694044
71,2.3158588423323745
72,2.2681460275105825
73,2.217769865087039
74,2.166612290394756
75,2.113331236861078
76,2.057462635872472
77,1.999444190467727
78,1.9401550884716494
79,1.8775480570113714
80,1.8129082041878397
81,1.7439850118478044
82,1.6731107897810842
83,1.5999858773331024
84,1.5244163164113338
85,1.446277060283048
86,1.3633268409878956
87,1.2795626235576307
88,1.193184691413851
89,1.1049579836598689
90,1.011211574981107
91,0.9175542989377167
92,0.8189818309758052
93,0.718411689256013
94,0.6137190751252936
95,0.5057838840383472
96,0.39469257695150367
97,0.2802706450784729
98,0.16442221757361092
99,0.042720574667283864
100,-0.08120703543729924
