iteration,running avg loss
1,4.870704174041748
2,4.867232875823975
3,4.860735315513611
4,4.851567559488297
5,4.840012175755901
6,4.82629880774819
7,4.810621993681938
8,4.793168926210939
9,4.774110794993263
10,4.7536503657924145
11,4.731991781331573
12,4.709353805981178
13,4.68596045751182
14,4.662035475701289
15,4.637789507731691
16,4.613407900953935
17,4.589041049594084
18,4.564799530070281
19,4.540755512449784
20,4.516946637344665
21,4.493383907154384
22,4.470058263387711
23,4.446947939828998
24,4.424026102184858
25,4.401267092879623
26,4.3786516096606345
27,4.356169617508883
28,4.333821111889367
29,4.311614611776638
30,4.2895643254534885
31,4.267685978513193
32,4.245992845706363
33,4.224492730844117
34,4.203186750736451
35,4.182069328152488
36,4.161130251940207
37,4.140357362659331
38,4.119739275730888
39,4.099267238121895
40,4.078936618372054
41,4.058747153864511
42,4.038702404074218
43,4.01880888741873
44,3.999074513868945
45,3.9795070093918765
46,3.9601129021275474
47,3.940895755764658
48,3.921856656948772
49,3.9029932077002987
50,3.8843002373695117
51,3.8657709556989417
52,3.8473975555291595
53,3.8291719859072484
54,3.8110877355115242
55,3.7931393189603946
56,3.7753235897760704
57,3.7576390065081617
58,3.7400858336443132
59,3.722665266436029
60,3.7053787397138986
61,3.6882276954178796
62,3.67121227718448
63,3.6543314530023414
64,3.637582686030149
65,3.6209623489960494
66,3.604466118955872
67,3.588089502810259
68,3.5718284195554566
69,3.555679485840935
70,3.539640096015637
71,3.5237082712998347
72,3.5078823447643575
73,3.492160593431658
74,3.4765408597507594
75,3.4610207538304065
76,3.4455975460899233
77,3.430267355264568
78,3.415027428475152
79,3.399875154812196
80,3.3848077360906887
81,3.369823072063675
82,3.354918616186254
83,3.340092488724953
84,3.3253412301470595
85,3.310661340413338
86,3.2960487381729164
87,3.281499317323322
88,3.2670092154789008
89,3.2525753098284755
90,3.238194633958737
91,3.2238633034066555
92,3.2095773223501283
93,3.1953320017881413
94,3.181122407546932
95,3.1669431088159294
96,3.1527891344042533
97,3.138654514983276
98,3.12453198789222
99,3.11041425342437
100,3.09629313954041
101,3.0821597429140644
102,3.0680052516365044
103,3.0538190989423746
104,3.0395893002392516
105,3.0253038572662323
106,3.0109495005726132
107,2.9965123018525164
108,2.9819761892252266
109,2.967325244376279
110,2.9525426698614408
111,2.937610846773819
112,2.9225122251072277
113,2.9072289237160645
114,2.8917431878140936
115,2.8760385345042203
116,2.860099699528441
117,2.8439141283105918
118,2.827471704480489
119,2.810768080041275
120,2.7938062878078327
121,2.7765971527804774
122,2.759157796824648
123,2.74148866129262
124,2.72355778799871
125,2.7053480049824237
126,2.6868402937896017
127,2.6680281941144166
128,2.6489652218627944
129,2.6296675703908936
130,2.6101450930998795
131,2.5904443566855204
132,2.570543409765546
133,2.5504662706126537
134,2.5302477191421455
135,2.5098604132163262
136,2.4893501320216513
137,2.468785169774902
138,2.4481837907672586
139,2.427592730983918
140,2.407086940805293
141,2.3866721145095178
142,2.366359902050488
143,2.3460557897886924
144,2.3258534300924616
145,2.3057938824410504
146,2.2858166022312756
147,2.2659321164071557
148,2.246180297298252
149,2.2265513242775095
150,2.20700599387079
151,2.1875995567286175
152,2.1683093748624844
153,2.14911675956988
154,2.1300673203872864
155,2.1111254934008077
156,2.0923148275514247
157,2.0736382847317856
158,2.0550963011221004
159,2.036689095007137
160,2.018433220270959
161,2.000309594981721
162,1.9823379698671126
163,1.9645083649401318
164,1.9468219633807746
165,1.9292820612938113
166,1.9118860093402263
167,1.894629443473709
168,1.8775187144569767
169,1.8605430909289211
170,1.8437078884651619
171,1.8270092061654977
172,1.8104478022437582
173,1.7940230045687633
174,1.7777370249958597
175,1.7615879804764634
176,1.7455763541723985
177,1.729702860150242
178,1.7139650503130448
179,1.6983624545870597
180,1.6828953981058787
181,1.6675606932302733
182,1.6523586601912792
183,1.6372886475911554
184,1.6223494857272414
185,1.6075405393266378
186,1.5928616726976097
187,1.5783117409085876
188,1.5638898244579922
189,1.5495949023236322
190,1.5354266820785198
191,1.5213835307312435
192,1.5074646909702722
193,1.4936694120141085
194,1.4799967780336234
195,1.466445664801026
196,1.4530151005193057
197,1.439704646363697
198,1.4265130777636104
199,1.4134396358364965
200,1.4004833282623494
