iteration,running avg loss
1,4.59010648727417
2,4.583691926002502
3,4.576780849981308
4,4.568889103874683
5,4.5586313785311265
6,4.546105498610409
7,4.532852638356971
8,4.517570198284742
9,4.50027975926805
10,4.481784863820756
11,4.461397564327292
12,4.4398781617049545
13,4.417607792811446
14,4.394941192975525
15,4.371353967477654
16,4.34773691580184
17,4.324930115586845
18,4.301967672512794
19,4.2800541769323805
20,4.25854308628534
21,4.236559648029603
22,4.215251390263906
23,4.194314617995635
24,4.173308106356237
25,4.152306071492473
26,4.131279796418265
27,4.110334730502117
28,4.089407421939162
29,4.068618211363417
30,4.047749732020016
31,4.027161818287462
32,4.00659260484206
33,3.986680675738067
34,3.9660538728049204
35,3.9457670954923527
36,3.925899318355331
37,3.906024134738275
38,3.886396820760964
39,3.8672206946840153
40,3.848115012958046
41,3.8287076281063284
42,3.8102644484526915
43,3.7915919990613194
44,3.773289596593518
45,3.7547708264992408
46,3.7363732895141557
47,3.7184834049619098
48,3.700261827986647
49,3.6824646309161158
50,3.665002530812475
51,3.6476123803250595
52,3.630286415880787
53,3.612753792267252
54,3.5959069979435174
55,3.5789150068882614
56,3.562706207933652
57,3.546325442736945
58,3.529726914137746
59,3.513411300832474
60,3.497178639650245
61,3.480880472285649
62,3.4647712086547116
63,3.4488683967947575
64,3.4329824678965424
65,3.4172812404770982
66,3.4013737397903143
67,3.385604005449891
68,3.3707756717800508
69,3.35557163343841
70,3.340478858750602
71,3.3255697717145334
72,3.3102161156710483
73,3.295457137316538
74,3.2811718219152812
75,3.2665376952583998
76,3.2520052767179863
77,3.237086890401307
78,3.2226242119861093
79,3.2084297017101964
80,3.1940542486395516
81,3.1800186863358038
82,3.165739644816226
83,3.1515057458064946
84,3.1374100766426496
85,3.1235152751830926
86,3.1098320917210414
87,3.0961190533203102
88,3.0825894545362984
89,3.06869268458467
90,3.0552696089045948
91,3.041904716799237
92,3.0280817222778817
93,3.0143153160276985
94,3.000562506771917
95,2.987056803979741
96,2.973587188279116
97,2.959914099399178
98,2.946229416441609
99,2.9329644115056324
100,2.9194336377156644
101,2.9060440224555273
102,2.8923718802656397
103,2.878712227920732
104,2.865045251916091
105,2.8513934785580015
106,2.838031855097495
107,2.8247809942586937
108,2.8118994965815025
109,2.7986489935037335
110,2.7856443622990126
111,2.7727762206684385
112,2.7599224017906114
113,2.746687543111985
114,2.7336848016587547
115,2.7211514681227578
116,2.7083918172072465
117,2.6955383077036923
118,2.6832240593655774
119,2.6710685517888892
120,2.659728946907978
121,2.6475498231226444
122,2.63569241647467
123,2.62391036098897
124,2.6123987842822323
125,2.6006524512302884
126,2.5889148614447004
127,2.577453217369743
128,2.5658291091996466
129,2.5544897325211022
130,2.543330481777541
131,2.5318646325853
132,2.5205710247402053
133,2.509670976409536
134,2.498397629234323
135,2.4875060220215697
136,2.476671430732552
137,2.465763343506144
138,2.455465127032752
139,2.4448779898005104
140,2.433894355728845
141,2.4238631280643483
142,2.4134176600832657
143,2.4031101910839805
144,2.393485947855773
145,2.383471396728732
146,2.373346143258347
147,2.363376947601444
148,2.354246703620959
149,2.3443534498988057
150,2.334620161485938
151,2.3250632607896575
152,2.315539641054457
153,2.3067169408433297
154,2.2975443651505643
155,2.2883631791398975
156,2.2793052655129427
157,2.2700803364368385
158,2.260893497487067
159,2.2521385928829085
160,2.243665563963967
161,2.2348358094931506
162,2.2265674823163404
163,2.218269582599607
164,2.209545968423391
165,2.2014025374905306
166,2.1931276950646916
167,2.1848866263106848
168,2.1767030177399147
169,2.1687838476604004
170,2.1609670483359418
171,2.152896837557935
172,2.1455216250855997
173,2.137803926430035
174,2.1300896654707886
175,2.1221779366017253
176,2.1151747391506097
177,2.107433612448496
178,2.099928495436407
179,2.092149344263476
180,2.084696850683512
181,2.0774346366436873
182,2.070482730186232
183,2.062775333447343
184,2.0557133004326174
185,2.0485805532143475
186,2.0418933540779256
187,2.0352015705005253
188,2.0283323495571777
189,2.0215044539466613
190,2.014850710638579
191,2.0082904591760378
192,2.0015192780549653
193,1.9951220919806534
194,1.988243414205073
195,1.981899595766605
196,1.9757093961479741
197,1.9695062243628556
198,1.9634678891948039
199,1.9575867353215477
200,1.9512865151317231
201,1.9454262226122419
202,1.9394080191458087
203,1.933527883103368
204,1.9278114418673202
205,1.9215820895317006
206,1.9160384380833289
207,1.9104285700694543
208,1.9045712748110357
209,1.898721391454405
210,1.893088507602727
211,1.8877409739003723
212,1.8821876651325906
213,1.8767914486146264
214,1.871072107860856
215,1.8658911356988734
216,1.8603589397635611
217,1.8552651567605025
218,1.849959593386791
219,1.8449514325038874
220,1.8405577543795626
221,1.835647287109128
222,1.830557926016296
223,1.82568433690277
224,1.8205912806602833
225,1.815712794764081
226,1.8109282740475803
227,1.806794976357306
228,1.8020858675361155
229,1.7973482675372834
230,1.7929219323743466
231,1.788165196494817
232,1.7836980240239637
233,1.7789742408719658
234,1.7747724703889816
235,1.7704743668856533
236,1.7660194138852843
237,1.7615983626411764
238,1.7574769993379458
239,1.7532988119480208
240,1.749468895899616
241,1.7452332613629984
242,1.7411444534247376
243,1.736648835926394
244,1.7323421818089972
245,1.728253158355928
246,1.7241538164028771
247,1.7199426141420162
248,1.7162096713551647
249,1.7120481463693655
250,1.707855604797487
251,1.7037037882037815
252,1.6999731367925384
253,1.6962924817242804
254,1.6924448783048192
255,1.6883312689363674
256,1.6845078822800237
257,1.6808480875949492
258,1.67735233154772
259,1.67366168562978
260,1.6700959822313526
261,1.6665478387046628
262,1.662678663351445
263,1.659109847718602
264,1.6552696609540625
265,1.6516563292546476
266,1.6483483161768684
267,1.6451223806320583
268,1.6418589682004021
269,1.6386215225174978
270,1.635377815560679
271,1.632181985660611
272,1.6289648990326884
273,1.625652037132663
274,1.622320278533492
275,1.619229367780399
276,1.6161243896619821
277,1.6128111450996976
278,1.6100239157116125
279,1.6069071894329143
280,1.6038464867459672
281,1.6010455780976085
282,1.5980668112452365
283,1.595016723510363
284,1.5923272581700194
285,1.5897031527445387
286,1.5871972440350866
287,1.5838527457596985
288,1.5813037736133044
289,1.5782499052173051
290,1.575358738076219
291,1.572631956811561
292,1.5694645397455054
293,1.567083274827863
294,1.56428762232403
295,1.5613873525022333
296,1.5588450696392133
297,1.556306711401546
298,1.5538078356289309
299,1.5510453786868261
300,1.5488406283015235
301,1.5463804812958521
302,1.543824456891753
303,1.5410899529196065
304,1.5383326092604666
305,1.5359575200529327
306,1.5332413130965745
307,1.5307423951056844
308,1.5284661892065379
309,1.5258031660893443
310,1.5233242594036553
311,1.5207980070516234
312,1.5184953445260443
313,1.5160656050566903
314,1.5135964873400163
315,1.5113642974433465
316,1.5091833591560317
317,1.5068622260191833
318,1.5048343645145303
319,1.502196716422211
320,1.499777252557702
321,1.4976429849187523
322,1.4954209310041657
323,1.493193705718172
324,1.4913101611952462
325,1.4892035943504445
326,1.4869596425706058
327,1.485057067610201
328,1.4829708566467
329,1.480923073281649
330,1.4791216467041821
331,1.4769810535586734
332,1.4752697611943972
333,1.4734781841879219
334,1.4715589958271065
335,1.469833811428375
336,1.4682978835733382
337,1.4662335990430246
338,1.4642180907503481
339,1.4626650016206462
340,1.460414793560006
341,1.4585661004030772
342,1.4564941842301318
343,1.4544835422192208
344,1.4525228029903423
345,1.4506343187443895
346,1.4490663879848478
347,1.447079183558582
348,1.4452878434270213
349,1.4436072771570578
350,1.442133852061955
351,1.4403367892256922
352,1.438469203193787
353,1.436987340808913
354,1.4354668805573334
355,1.43367928247434
356,1.4320052878158718
357,1.4303337542152859
358,1.4284342803415748
359,1.426729202178967
360,1.4248408674287534
361,1.4232161288556315
362,1.4217493155246863
363,1.4201395196178983
364,1.4187576613460815
365,1.4168549262700962
366,1.415452285248667
367,1.4138389444373487
368,1.412312544967951
369,1.4112280702693856
370,1.4098373567206224
371,1.408622331618382
372,1.4068356304636818
373,1.4053097984968135
374,1.4037398836573682
375,1.4024178018316742
376,1.401068690999713
377,1.3995361482585695
378,1.397929816040434
379,1.396814307676859
380,1.3957073806683582
381,1.3943310926130172
382,1.3930279145909397
383,1.3914911779731827
384,1.3898743328095091
385,1.3886895534668573
386,1.3873128169478444
387,1.3856453324322355
388,1.3845419365877716
389,1.383378413908448
390,1.3820457241106414
391,1.3810173034028908
392,1.3797704114281268
393,1.3783651340430478
394,1.3769897189677998
395,1.3756901517780455
396,1.3743910704373432
397,1.37374282590309
398,1.3726712559127967
399,1.3713867733398595
400,1.3699161645595554
401,1.3686706400370678
402,1.3674939674825985
403,1.3664066370988492
404,1.3652412463126538
405,1.3639219456125278
406,1.3624802230474242
407,1.3613176445851842
408,1.3602920833908736
409,1.359215319459278
410,1.3583692035094819
411,1.3576309418485324
412,1.3565541019487086
413,1.3555886955403513
414,1.3544652049968435
415,1.3536418292301393
416,1.352801451806597
417,1.3515728342802606
418,1.3509618930010565
419,1.3498916811812602
420,1.3490392141737535
421,1.348346433983844
422,1.3476423842977836
423,1.3471646081446251
424,1.3465550686248395
425,1.3461190670604477
426,1.3453640715058863
427,1.3448440676945903
428,1.343782595153478
429,1.3426567630392998
430,1.3414609397707842
431,1.3406798268959796
432,1.3398914630561884
433,1.3395063058928964
434,1.33849884039485
435,1.337489229407512
436,1.3365051712065308
437,1.3358407606497082
438,1.3348528989073163
439,1.334066250268356
440,1.3331522728605059
441,1.332424052133854
442,1.3315423431982087
443,1.3304457741935642
444,1.3293912451644734
445,1.3282778661219474
446,1.3275644231598094
447,1.3264020318064003
448,1.32543406704368
449,1.324343624126005
450,1.3233008998503057
451,1.3222910654237936
452,1.3213824827248017
453,1.3208166252361158
454,1.3200781297563071
455,1.3193898976206548
456,1.3185009019132623
457,1.3176030876229812
458,1.3170945052674117
459,1.3165677748448645
460,1.315767465701076
461,1.3148803334272592
462,1.314569979571136
463,1.3141108435056645
464,1.3134781583990076
465,1.313022014319595
466,1.312070212812721
467,1.3114273389488302
468,1.310825670749619
469,1.3103959597555475
470,1.3097783590389886
471,1.308913353520956
472,1.3083806918103926
473,1.308170257923905
474,1.307410034665192
475,1.3064751497879004
476,1.3060205822442603
477,1.305382988135227
478,1.3047266942932272
479,1.303847874129546
480,1.3033463836466126
481,1.302737881138653
482,1.3021485409148366
483,1.301851836542065
484,1.300986257019418
485,1.3005723102435962
486,1.3000996319562237
487,1.2994294347394446
488,1.298785100003943
489,1.2986332272734806
490,1.2980456851218243
491,1.2974644630423346
492,1.2971174522219546
493,1.2969867763855718
494,1.2967191114186523
495,1.2957854901172405
496,1.295206582950901
497,1.2952925312948997
498,1.2952471157857228
499,1.2948021822312439
500,1.2944759470033225
