iteration,running avg loss
1,4.754063129425049
2,4.746163074970245
3,4.738805208754539
4,4.729179603070497
5,4.718075553564603
6,4.705458089101802
7,4.690056371236449
8,4.673305706053137
9,4.656143238058157
10,4.638396152467889
11,4.618897380953281
12,4.5956542618075975
13,4.573068848225471
14,4.549515608015922
15,4.525010332497591
16,4.500137829365639
17,4.4754482119743875
18,4.450979341007292
19,4.426577181664754
20,4.402345127003564
21,4.3786683721103286
22,4.35571330431406
23,4.332937035032821
24,4.310756944753752
25,4.289075325833406
26,4.267265238163451
27,4.245335922459367
28,4.223680488230196
29,4.2018633524992
30,4.17988149742422
31,4.157542635758084
32,4.1354954028743185
33,4.113743678606699
34,4.0917090011819
35,4.069999288603858
36,4.048401994282349
37,4.027570412503283
38,4.006885181553299
39,3.986775674601658
40,3.9659023886903735
41,3.9461097836419707
42,3.9270423959419647
43,3.9074333186565107
44,3.8881640389424645
45,3.867553299994614
46,3.8480647167245876
47,3.8286586073114006
48,3.809841992895086
49,3.7907381034055123
50,3.771794724503873
51,3.753356903353653
52,3.734628909690905
53,3.7162078510970784
54,3.698052159581423
55,3.6797677339290593
56,3.66195726877086
57,3.6437870240288603
58,3.626313489706998
59,3.608819847912956
60,3.591594996010517
61,3.5742801047719537
62,3.557297715463583
63,3.5400918940992763
64,3.52286665460355
65,3.506151005950352
66,3.489631292098276
67,3.4737786774881454
68,3.4578648994164958
69,3.4415298922756636
70,3.425078970756166
71,3.4094511826240743
72,3.393309812725553
73,3.3774937418810125
74,3.3615233627393324
75,3.345993554011994
76,3.3303215494372975
77,3.3150813713384015
78,3.299518165724001
79,3.283825469771183
80,3.268432364495163
81,3.252808895285179
82,3.2378023999030363
83,3.222749210966033
84,3.2074782448974033
85,3.192357055940937
86,3.1776479135679443
87,3.1632197894871203
88,3.1481861071028083
89,3.133466283309002
90,3.1193419657441614
91,3.1046014844049723
92,3.089748101282419
93,3.075135189771472
94,3.060370206529915
95,3.0454537078719035
96,3.030725812209734
97,3.016405149241445
98,3.001958194077766
99,2.9875558027364297
100,2.973312118316701
101,2.9596464126093793
102,2.9449893985088442
103,2.930580775971891
104,2.9169193134956806
105,2.9029823066781675
106,2.8893645841648983
107,2.8757677718384165
108,2.862202737524039
109,2.8486750178098554
110,2.835151024265515
111,2.8213967988167137
112,2.8079494083107703
113,2.794830585890947
114,2.781800782601236
115,2.768789400618272
116,2.7557599326584605
117,2.743165107847028
118,2.7300942482133363
119,2.717529000854875
120,2.70478507061424
121,2.6922870188735515
122,2.6798318529809277
123,2.667629950209251
124,2.6557989587725728
125,2.6431524822749806
126,2.630931515389853
127,2.6185742540212784
128,2.6069685478828144
129,2.5948811929646705
130,2.5831162611257374
131,2.571324541053695
132,2.5594100844290923
133,2.547808177522103
134,2.536890774944194
135,2.525910191217045
136,2.5153386012258037
137,2.5042822751786793
138,2.4934437912158787
139,2.4826484643457425
140,2.4720669962771447
141,2.4613428821195797
142,2.4511537415712414
143,2.4404890569349176
144,2.4303545065698073
145,2.4197822635270434
146,2.4093047971177404
147,2.398973305295092
148,2.3887510578607323
149,2.3792036416100517
150,2.3691511266973997
151,2.359096831521582
152,2.3495748696493894
153,2.339905529339126
154,2.3302102113046463
155,2.3205119931733043
156,2.310927379766611
157,2.3018755348057676
158,2.292707100035331
159,2.283463338590032
160,2.274755155027511
161,2.265854997466799
162,2.25744694769431
163,2.2485022341911827
164,2.2397300912685973
165,2.2314633612444306
166,2.2226645171408057
167,2.21433083728617
168,2.2062406590631496
169,2.197944967999099
170,2.1897945183152934
171,2.1818864234148094
172,2.1736887344698155
173,2.1657706010828655
174,2.157838203251892
175,2.149769597811628
176,2.1421154644365084
177,2.1344408217283313
178,2.126858721870194
179,2.1192331204722623
180,2.112044256827354
181,2.1044008941273975
182,2.096743122807431
183,2.0896014335856585
184,2.0822172510102086
185,2.0744376667340543
186,2.0673559394597953
187,2.0603464182465023
188,2.053707830000546
189,2.046494865784784
190,2.0397082294285718
191,2.0333084587263883
192,2.0266666695244853
193,2.0199443775336015
194,2.0133886753659316
195,2.006540853475477
196,1.9998646103421813
197,1.9932718165565695
198,1.9873093911976292
199,1.9815964726091393
200,1.975478265603995
201,1.9695202451759672
202,1.9632127430434978
203,1.9569193650217849
204,1.9507734997712254
205,1.9449983173018945
206,1.9392517030310819
207,1.933107181377358
208,1.926971012698884
209,1.9214921043354298
210,1.9159819505192484
211,1.9108859601976342
212,1.9052442026464391
213,1.8995931413973337
214,1.8941459191374894
215,1.8887247054981775
216,1.8834225240464522
217,1.8782542753303406
218,1.872861148318004
219,1.8677372922364355
220,1.8629392864271845
221,1.8578865155721902
222,1.8525948239260661
223,1.8470161131784133
224,1.8419226004726852
225,1.8367573565350666
226,1.8317355752632642
227,1.8265318385997582
228,1.8218354508396761
229,1.8171874324347188
230,1.8128620651828202
231,1.8081599701237958
232,1.8034651862089195
233,1.7986935250599496
234,1.794366500965051
235,1.7897568038795184
236,1.7853754688081
237,1.780710337309945
238,1.7766456796441668
239,1.7721893846767198
240,1.768022286810406
241,1.763760361709941
242,1.7599470672034834
243,1.755799580460129
244,1.7517473319737955
245,1.747727921741521
246,1.743627699838025
247,1.7395910154776604
248,1.7353455958452684
249,1.7313125644435479
250,1.7276240783102208
251,1.7232395020321234
252,1.719296687356956
253,1.7154862816902041
254,1.7115694257035174
255,1.7075665279915109
256,1.703925872429537
257,1.7000573614621997
258,1.6961520570507638
259,1.692137224417039
260,1.6883437608795338
261,1.6848685693110825
262,1.6811425232740385
263,1.6777191166493912
264,1.6743357376624626
265,1.6709232714181925
266,1.6674991570454565
267,1.6642701555606039
268,1.6606098439319081
269,1.6571476985775349
270,1.653913160211373
271,1.6508279782991244
272,1.647725518647435
273,1.6444942501610187
274,1.6415684779436797
275,1.6381271519613163
276,1.6347341938782112
277,1.6317922429172886
278,1.6285443566609825
279,1.625351966196866
280,1.6222529114949957
281,1.6194933585973157
282,1.6162326186224876
283,1.6129225117794481
284,1.6097366295857718
285,1.6069101158556796
286,1.6040072193880561
287,1.601064032875328
288,1.598584599392812
289,1.5958545116844063
290,1.5932750182528954
291,1.5908200846520923
292,1.5882287499650105
293,1.5853303961525707
294,1.582761720582311
295,1.5802085608311693
296,1.5773455099232514
297,1.5748154821006302
298,1.572736132640418
299,1.5699337858098634
300,1.5674732356028267
301,1.5650732694535399
302,1.562323571114168
303,1.560153299232067
304,1.5574743226400454
305,1.554570819981806
306,1.5522543364638421
307,1.5499343065555484
308,1.547530508066638
309,1.5454226818334753
310,1.5430532278403815
311,1.5405292886463129
312,1.5382206167963792
313,1.5360281782275214
314,1.533681138928385
315,1.5320215741096885
316,1.5296480308081668
317,1.5273505999252102
318,1.525168917980676
319,1.5230605798789028
320,1.520888060713796
321,1.518434135398406
322,1.5166296670817603
323,1.514594535915398
324,1.51237087396727
325,1.510120444083875
326,1.5079672889499056
327,1.5062046574575012
328,1.5042356103412393
329,1.5022069747502171
330,1.50025820512593
331,1.4986553015433748
332,1.4968083576263753
333,1.4948997423194597
334,1.4936264679721316
335,1.4921892832351136
336,1.4898443614568395
337,1.4879492528413556
338,1.4864339334868466
339,1.4849115693640753
340,1.4831043767165466
341,1.4815182169635108
342,1.4796836687679509
343,1.477916368089106
344,1.475958717822598
345,1.4743776127000359
346,1.4727566931900093
347,1.4709923830940468
348,1.4691580305140217
349,1.4675527727548867
350,1.4658562064950806
351,1.464221779066055
352,1.4624438314856605
353,1.460870830310315
354,1.4592803414781896
355,1.4573317073940046
356,1.4557269102461357
357,1.4537582398718543
358,1.452526248817969
359,1.4507722124974682
360,1.449114357716396
361,1.4473210801022143
362,1.4458414756301563
363,1.4443914944542533
364,1.4426720875568146
365,1.4412632177955196
366,1.439681468882106
367,1.438307328515413
368,1.4366542075656166
369,1.4350248550212867
370,1.433009695916188
371,1.4314803473052622
372,1.4302195690053967
373,1.4297653883853043
374,1.4279859317995012
375,1.4264659391959837
376,1.4250672880857318
377,1.4234804528761544
378,1.4222155105700645
379,1.4212174529546744
380,1.4202782970236842
381,1.4186676830998493
382,1.4173593026441254
383,1.4164399503689507
384,1.415414129995434
385,1.4141811098159325
386,1.4131293525145414
387,1.4120442771462105
388,1.4108000743897784
389,1.409341837468436
390,1.408641570853853
391,1.4070026970974479
392,1.405840969095742
393,1.4041457369427026
394,1.4027319551065702
395,1.4017086226294029
396,1.400964043593813
397,1.3997263743836135
398,1.3985208360368873
399,1.3976388636365251
400,1.3967107673986126
401,1.395539781560335
402,1.3948069267459067
403,1.3936870561497885
404,1.392591839412143
405,1.3914724700902872
406,1.390396602563304
407,1.3892842868329287
408,1.3880714404550778
409,1.3866921327201438
410,1.3857779527774488
411,1.3850881481985573
412,1.3838272494646033
413,1.3829504039433003
414,1.381658572423551
415,1.3802556314899648
416,1.3792947504565898
417,1.3783193264314855
418,1.3774491468638412
419,1.3763210360581208
420,1.3752516075502619
421,1.373783943741071
422,1.3725183821833753
423,1.3713871233607786
424,1.3702430551266673
425,1.3691810173557046
426,1.3677932354547764
427,1.3667971854816678
428,1.365711551483144
429,1.3646804676055042
430,1.3641566900157072
431,1.3631709010467634
432,1.3620087090288648
433,1.360584405792107
434,1.3598421011915072
435,1.359081015050884
436,1.3584947641788634
437,1.357777553353481
438,1.356672800757721
439,1.355777433719687
440,1.354688449198393
441,1.3539240764175298
442,1.3535421127605933
443,1.3523021606786263
444,1.3517557294668137
445,1.3516022607074543
446,1.3505544259093702
447,1.349547851682015
448,1.3485855717602417
449,1.3476548598757996
450,1.3467137808090546
451,1.3458948880971706
452,1.3450524591441775
453,1.3443280757671063
454,1.3432431672208918
455,1.3428532904040296
456,1.3422139580443466
457,1.3414095495582634
458,1.3406647682087227
459,1.3398581681149837
460,1.3388836334270895
461,1.3381784080089563
462,1.3373679528072693
463,1.3372226122360293
464,1.3370138823695437
465,1.3361905212710679
466,1.33524521008683
467,1.334447378490341
468,1.333586494354638
469,1.332763687596669
470,1.3317477501111137
471,1.3306616964648303
472,1.3300467215461569
473,1.3290565887747414
474,1.32851718136287
475,1.3274120279742292
476,1.3264257008539717
477,1.3261330405632665
478,1.3255392588140975
479,1.3246984098546493
480,1.3241158845077812
481,1.3233973492016744
482,1.3225853973370838
483,1.3220502973004804
484,1.3212737659613867
485,1.3204953630567167
486,1.3199076219601003
487,1.3192838240226648
488,1.3187212898805674
489,1.3180477431347157
490,1.317457764627624
491,1.316708470174936
492,1.3163703125132868
493,1.315528535743516
494,1.3148917623966552
495,1.3143487383845966
496,1.3136469314321166
497,1.3131141956573766
498,1.312398068206189
499,1.3113132148739806
500,1.3107364797055263
