iteration,running avg loss
1,4.678801536560059
2,4.673959040641785
3,4.664704956769944
4,4.656247363665105
5,4.64819678377769
6,4.637224299754153
7,4.624386221185322
8,4.609015614703144
9,4.5939575153645835
10,4.5762869831796875
11,4.556113403013113
12,4.534428773881054
13,4.512649990693177
14,4.488784267306021
15,4.4655502723273575
16,4.44256757157552
17,4.4187131753855216
18,4.39490866253578
19,4.371805933256003
20,4.348667607772015
21,4.325790691978718
22,4.30317986023517
23,4.280960563540168
24,4.259269546352337
25,4.23769309577712
26,4.21663772377168
27,4.195233649409483
28,4.174082439872327
29,4.153042823588228
30,4.132015100926381
31,4.110696578316013
32,4.089304053832291
33,4.0683127812631
34,4.0472970261540215
35,4.026830855590358
36,4.00602392489357
37,3.9858753885159564
38,3.965777724909422
39,3.946272185075641
40,3.926647023878571
41,3.906623975194351
42,3.887327150105722
43,3.868234206878438
44,3.8487075042196723
45,3.8294181506587988
46,3.8110245033051955
47,3.7922667599029265
48,3.7733985182587158
49,3.7549382004116385
50,3.737069931173788
51,3.7190952365388688
52,3.7009056643786344
53,3.6832992666742097
54,3.6656069252335115
55,3.6482800235856225
56,3.630800651570515
57,3.6131535134611057
58,3.5960198263603997
59,3.5787688990509277
60,3.5621276131346833
61,3.545355024413691
62,3.5287258154667036
63,3.512027258798624
64,3.4954070067146357
65,3.479275398014143
66,3.462897823286626
67,3.4472474693976314
68,3.4317086747611807
69,3.4156798355988656
70,3.4004123368739956
71,3.384744045862662
72,3.36930855289282
73,3.3538042908254244
74,3.3382938551197
75,3.3226903610246032
76,3.307466238090245
77,3.2921063181314465
78,3.276732828993406
79,3.2621132112652242
80,3.2470322336096644
81,3.232125341344445
82,3.217089186960542
83,3.202625074332498
84,3.187983282369462
85,3.1733589381798772
86,3.158159159890455
87,3.143304627179032
88,3.128773846455948
89,3.1137988371116427
90,3.0989794465341056
91,3.08444339028135
92,3.0694860892616087
93,3.055086682871098
94,3.040536043970549
95,3.0260677698746083
96,3.0115403175214737
97,2.9966374311309267
98,2.98175943858689
99,2.967690285420351
100,2.9536084813000496
101,2.939858190745167
102,2.925377086207024
103,2.9114443614589214
104,2.8970383438430196
105,2.8828417726985958
106,2.8687584616686923
107,2.8547845268017613
108,2.8408796687850257
109,2.82663315861718
110,2.8125215616425194
111,2.7986289445692614
112,2.785395647515155
113,2.7720868849506024
114,2.7590687069408637
115,2.746133601584178
116,2.73362085775431
117,2.72075244049566
118,2.707833182987905
119,2.6949515247896945
120,2.6828236319134713
121,2.670199082308509
122,2.657752543641491
123,2.645143922223478
124,2.6328955975108257
125,2.6207672359609187
126,2.608437059128577
127,2.596806044803313
128,2.5845369007905217
129,2.572635239725579
130,2.560791518391784
131,2.5488016158745688
132,2.537003478894824
133,2.525751707827342
134,2.5144117513264614
135,2.503256528037364
136,2.4922373699873677
137,2.481060570046573
138,2.4698870588437876
139,2.45915166944317
140,2.448390462855016
141,2.4376587934006446
142,2.4271433061403136
143,2.416359907088844
144,2.405881967188106
145,2.395697084646199
146,2.3852568510224086
147,2.375422497453209
148,2.3655310957265865
149,2.3558448163416625
150,2.345688752697823
151,2.3360741808446734
152,2.3266859992035394
153,2.3170860217264577
154,2.307629961390175
155,2.298140407038419
156,2.2888597111188984
157,2.2797990840356332
158,2.2706044228537854
159,2.2614153459218476
160,2.2524826328160223
161,2.243624145408455
162,2.234939541890009
163,2.226190547157373
164,2.2177646869509973
165,2.2095220612435202
166,2.2009600656905945
167,2.192435496161618
168,2.1839261356782274
169,2.1758751357350192
170,2.167650420060347
171,2.159667707487628
172,2.1514582205162824
173,2.143871145711632
174,2.1359142920311576
175,2.128059651884131
176,2.120393792160715
177,2.112980467651965
178,2.105381725578442
179,2.098190608784999
180,2.090944477452627
181,2.0835926992182467
182,2.0765773488938497
183,2.0697079620282937
184,2.062939281494009
185,2.055535273629707
186,2.048585097103813
187,2.041273943293496
188,2.034180064391414
189,2.0270631313298213
190,2.020419051644636
191,2.013701393101075
192,2.0073100542570392
193,2.000543560722449
194,1.993692175226995
195,1.987532496373666
196,1.9813099180873281
197,1.9750091406170414
198,1.9685307147839912
199,1.9622953101706362
200,1.9560144610270596
