iteration,running avg loss
1,4.43818998336792
2,4.438010334968567
3,4.436784752607346
4,4.435508750593662
5,4.431695192743182
6,4.420189465276351
7,4.411098778585624
8,4.402891742921502
9,4.392635992625618
10,4.380501233880393
11,4.36588131875915
12,4.350481983186914
13,4.333002756635837
14,4.315557023579367
15,4.295700556126777
16,4.276318982866076
17,4.255218235721589
18,4.234932536671257
19,4.213438571335672
20,4.191881287329774
21,4.170003055682825
22,4.148636439203755
23,4.127509180875561
24,4.106253911187471
25,4.085661876836339
26,4.065694688114057
27,4.045725369025274
28,4.0259813659720765
29,4.00668295377491
30,3.9874402776604705
31,3.9679395292494055
32,3.9487257487525964
33,3.9291208340804697
34,3.909595049275966
35,3.8905538110787385
36,3.8715477819210458
37,3.8525487791117534
38,3.833218162507846
39,3.8147278652573857
40,3.7962656380460045
41,3.7770449922589586
42,3.7595870375679974
43,3.7414233363913074
44,3.7232534854088337
45,3.705352097033398
46,3.6877136387290035
47,3.6706092000288626
48,3.653606417564554
49,3.636735340714577
50,3.619052156361463
51,3.6028129640291104
52,3.58612648678216
53,3.570329718908357
54,3.5537027261550036
55,3.5375030096844693
56,3.520964393209527
57,3.50471239159425
58,3.489044006081628
59,3.47328472103485
60,3.457720229289437
61,3.442632881570746
62,3.4279700296036406
63,3.413014188522387
64,3.397528054081545
65,3.3829766815359537
66,3.367819386959135
67,3.3531266803122146
68,3.338617151084623
69,3.324293020618012
70,3.3101020344292422
71,3.2960380831672103
72,3.282356123737516
73,3.2683153545915102
74,3.2550675352512224
75,3.2412948716975687
76,3.2272128653729424
77,3.213386965223394
78,3.199746579829812
79,3.186153082842549
80,3.1732622143695464
81,3.1597773062685146
82,3.1466650173290596
83,3.1339363758933327
84,3.121369640441742
85,3.1086998514412705
86,3.09657727348388
87,3.0835502040476097
88,3.071184998866875
89,3.05832020049869
90,3.046216350491078
91,3.0333679043037485
92,3.0212085981721644
93,3.0093875372568184
94,2.9969724734343908
95,2.984715494366551
96,2.972697558525745
97,2.9603168732904477
98,2.9479282316876705
99,2.9361942355970663
100,2.924358893601966
101,2.912453067975425
102,2.900695570062013
103,2.888768527977573
104,2.876809292566953
105,2.8655215229559503
106,2.8539374558835107
107,2.8423874173384696
108,2.8305454242113797
109,2.8187720966343814
110,2.8072344933037643
111,2.795659421815856
112,2.7840434099684552
113,2.771977346300671
114,2.760612863250567
115,2.7488876471604047
116,2.7368788169610783
117,2.72520347161297
118,2.7136197384791765
119,2.7023922949663026
120,2.690460024886818
121,2.678530474133647
122,2.6669477488906015
123,2.6555869078286207
124,2.6442164676081377
125,2.6323684763634527
126,2.6204637702909195
127,2.608984936916929
128,2.5974799340443413
129,2.586080192925715
130,2.574017556317808
131,2.5627285244962374
132,2.551425814913888
133,2.540220718666223
134,2.5290717463428423
135,2.51781633008791
136,2.5071219095009596
137,2.4959039399558156
138,2.4854640102822096
139,2.474969569153997
140,2.464037595067758
141,2.4542329606370084
142,2.4434607893215015
143,2.4332504067109553
144,2.4231640123678906
145,2.4127813612540687
146,2.402370071288836
147,2.392076736805959
148,2.3819134271710536
149,2.372007432004186
150,2.3624069207868663
151,2.3526760088227263
152,2.342824946776415
153,2.332762036349407
154,2.323454403569073
155,2.313995888881756
156,2.3046359671576266
157,2.295390856751721
158,2.2857117251197807
159,2.276703978348167
160,2.267789351265338
161,2.2590525395149985
162,2.250275381009802
163,2.241440260733182
164,2.2329294211484636
165,2.224736829951353
166,2.2162846360121145
167,2.2081898722230227
168,2.1999694198814073
169,2.19216183717475
170,2.183841409846856
171,2.1756112666319476
172,2.167475459026968
173,2.159678964095512
174,2.1521569530113807
175,2.144283368939641
176,2.136323666182099
177,2.1288705025621937
178,2.1210175308549006
179,2.113577280187007
180,2.1062411210993552
181,2.0992114469050396
182,2.0922096905502316
183,2.084859046739212
184,2.077799126573257
185,2.070334358431075
186,2.0629180774917226
187,2.0555549272668086
188,2.0484375169559326
189,2.0417654417531854
190,2.0350811981709196
191,2.0280661935126663
192,2.0212856784433844
193,2.015060453456741
194,2.0088917503294157
195,2.002204666598781
196,1.9954310063158498
197,1.9896819744108791
198,1.9838494344614634
199,1.9775350254001283
200,1.9717448917637113
201,1.9656281463239338
202,1.9600585416967082
203,1.9537704093112809
204,1.9475216632908303
205,1.9414222928054592
206,1.935539367322702
207,1.929982265332672
208,1.9243801932477351
209,1.9185357073877216
210,1.913029201441469
211,1.9072154775632695
212,1.9017655614236535
213,1.8960326450653222
214,1.890661195338912
215,1.8853322782784063
216,1.8799404070260788
217,1.8743261559633253
218,1.8690931740591485
219,1.8640824977316126
220,1.8589541124820796
221,1.8539766581301775
222,1.8492045011451281
223,1.844450600769831
224,1.8394873040402393
225,1.8346468920021868
226,1.830021228727154
227,1.8252865233750022
228,1.8206763721648422
229,1.8160995325021079
230,1.811548474606515
231,1.8067504532584295
232,1.8025343755656738
233,1.7982550418750958
234,1.7938881711972505
235,1.7898173865521572
236,1.785369201051809
237,1.7807914232334905
238,1.7761023494571646
239,1.7719345097184676
240,1.767456437786032
241,1.763019882622573
242,1.759204053236426
243,1.7554448762733215
244,1.751520743768065
245,1.7473609166270916
246,1.743381505783117
247,1.7389797921180317
248,1.735022431378324
249,1.7309238979291037
250,1.7271291872243488
251,1.723166494347314
252,1.7189899667996995
253,1.7152948901106757
254,1.7112304274041794
255,1.707550449446971
256,1.7037746855054037
257,1.7001078697988787
258,1.6960780790666645
259,1.6925243105001953
260,1.6890401544027158
261,1.6859198718104862
262,1.6823607927308244
263,1.6788030877995794
264,1.6756419554487292
265,1.6722914394720463
266,1.6694160573496646
267,1.665886129745452
268,1.6624583277608178
269,1.6593772191574345
270,1.6563750273567903
271,1.6529284951008005
272,1.649549406225232
273,1.6463453485967718
274,1.6432897024609627
275,1.6398892906830114
276,1.6371009360204287
277,1.6340823612953868
278,1.6311453848999926
279,1.6282024887425668
280,1.6250007055352864
281,1.6221137022107075
282,1.6188973414279957
283,1.6161035773261547
284,1.613059010936133
285,1.6106020875423934
286,1.607848157979378
287,1.6051040198329642
288,1.6024835905297916
289,1.5996429801837284
290,1.5971813728458804
291,1.594424737368688
292,1.5920254202146513
293,1.5892566936557084
294,1.5870764160524948
295,1.5844883204825155
296,1.5822566708439745
297,1.5797701415329195
298,1.5771199229895996
299,1.5746355169916675
300,1.5721203308071177
301,1.5694859578766254
302,1.5672110101592789
303,1.5648158919018633
304,1.5623255703737442
305,1.5595442474435968
306,1.5577135928815296
307,1.5553272032600873
308,1.5531601485832147
309,1.5508865620147563
310,1.548726446270631
311,1.5465969653639091
312,1.544270198305027
313,1.5422455330212719
314,1.5400831287030983
315,1.5380057486966612
316,1.535598360811135
317,1.53361238090328
318,1.5315627439583372
319,1.52912058014943
320,1.5269724262106525
321,1.5247352205738054
322,1.5229068718547005
323,1.520809756614013
324,1.5185496880891631
325,1.5164800454715772
326,1.5144395381057745
327,1.5122880671765448
328,1.510007593731342
329,1.508077950838462
330,1.5063519353147576
331,1.504441846185075
332,1.5024198636267734
333,1.5008279150133939
334,1.4988863532495056
335,1.497130190541748
336,1.4952323282344142
337,1.4938032664991587
338,1.4921049894646603
339,1.4906162384687107
340,1.488786710491067
341,1.4869193767094444
342,1.4851799918450905
343,1.4836107436920813
344,1.4817021136149324
345,1.4799806644735645
346,1.478788902214739
347,1.4771687115759229
348,1.4757593665793804
349,1.4741083324285862
350,1.4719166565864477
351,1.4706687882383565
352,1.468865523665299
353,1.4673772933382376
354,1.4656688192959229
355,1.4641758407434664
356,1.462429448289477
357,1.4607856649950894
358,1.459207428992569
359,1.45742660181301
360,1.4558266457161446
361,1.4539338346003223
362,1.4524188478511513
363,1.4512961331332448
364,1.4497016452840443
365,1.4478930748761258
366,1.4462325771737057
367,1.4446975523319918
368,1.4430246246602345
369,1.441814344109967
370,1.4406849286676007
371,1.4390135606431318
372,1.437845457822116
373,1.4365602899965957
374,1.435368716685329
375,1.4337332540439274
376,1.4323234167446532
377,1.4310946185074587
378,1.4299244997397578
379,1.4289008911769152
380,1.4275953033524111
381,1.426007144288995
382,1.424629393726995
383,1.4232196407271487
384,1.4218852063800425
385,1.420675352948673
386,1.4193701737924316
387,1.4178395181761045
388,1.4170800251530806
389,1.4164407357314754
390,1.4150499923718107
391,1.413443432992221
392,1.412459585744208
393,1.4113127187304548
394,1.4105860175151352
395,1.4096245908383664
396,1.4085100100644126
397,1.4072455412294087
398,1.406309099563376
399,1.4055561084079065
400,1.4043580762487693
401,1.403422585648559
402,1.4024649775098161
403,1.4012485850761027
404,1.4007425761044616
405,1.3998458154263487
406,1.3987820968617763
407,1.397636857165284
408,1.396743236053043
409,1.3956995652987287
410,1.3946959392632037
411,1.3938909242789883
412,1.3930491748987166
413,1.3924279854797466
414,1.3915715674203746
415,1.3907903861051492
416,1.3900700158611174
417,1.3895684672661508
418,1.3887873446280963
419,1.387757459062522
420,1.3869453108215366
421,1.3858493119026218
422,1.385282879874065
423,1.3842328188289255
424,1.3835539511337238
425,1.3823485130647237
426,1.3816031941804905
427,1.3812915851417467
428,1.3804369765565645
429,1.3794837306008134
430,1.3785510701899468
431,1.377826358133067
432,1.3770048115660491
433,1.3758126631448315
434,1.3750742770948956
435,1.3741276980183283
436,1.3731877570881788
437,1.3726571162421504
438,1.3717777576327532
439,1.3708435813404527
440,1.3698993657647802
441,1.3694064880682073
442,1.368661566835673
443,1.3677361887886235
444,1.3670675036680864
445,1.366208867291455
446,1.3654246017329355
447,1.3646538627289269
448,1.3641084142944324
449,1.36320971363156
450,1.3623108292046713
451,1.3618017095505486
452,1.3611037752625839
453,1.3602763435623566
454,1.3598285183477108
455,1.3591341106609531
456,1.3580603410036234
457,1.3573614397782643
458,1.3567826822148932
459,1.3562074675162337
460,1.3553210203110877
461,1.3549163408296412
462,1.3541287512128486
463,1.3529830697416747
464,1.3525114436951369
465,1.351786512554389
466,1.3512778153384675
467,1.3504435864747864
468,1.3496918611908644
469,1.349265064582511
470,1.348314555612635
471,1.3475477844537864
472,1.346952282643413
473,1.346664778812264
474,1.346152693926592
475,1.3457950478695893
476,1.3448486499631438
477,1.344024783662716
478,1.3435135247596521
479,1.3429038880929882
480,1.3423562879442055
481,1.3416702161955922
482,1.341120334130606
483,1.3403517384782038
484,1.340079366332298
485,1.3395630643510277
486,1.3394791881726205
487,1.338910371708985
488,1.3383634618338294
489,1.3380324945948705
490,1.3374669000547292
491,1.3368745246123026
492,1.336159536699935
493,1.3354743627368204
494,1.334978051640809
495,1.3344707308030508
496,1.333676805460276
497,1.3333760202528868
498,1.33295194780785
499,1.332408330353087
500,1.331572532352672
